function [u10_c,u11_c,u21_c,u31_c,u02_c,u12_c,u22_c,u32_c,u42_c,u13_c,u23_c,u33_c,u24_c] = D22_coeffs

u10_c = 1 ;

u11_c = 2 ;

u21_c = -8 ;

u31_c = 2 ;

u02_c = 1 ;

u12_c = -8 ;

u22_c = 20 ;

u32_c = -8 ;

u42_c = 1 ;

u13_c = 2 ;

u23_c = -8 ;

u33_c = 2 ;

u24_c = 1 ;


end

